0
0
0
0
0
0
0
0
0
0
500
49
36
133
0
0
0
0
0
0
0
0
0
0
0
0
0
0
0
0
0
0
221
15
9
30
500
0
0
0
0
0
0
0
0
0
0
0
0
0
0
0
0
0
500
42
12
14
117
0
0
0
0
0
0
0
0
0
0
0
0
0
0
0
0
0
0
500
18
9
31
500
0
0
0
0
0
0
0
0
0
0
0
0
0
0
0
0
0
0
22
8
15
332
0
0
0
0
0
0
0
0
0
0
0
0
0
0
0
0
0
0
36
10
10
74
0
0
0
0
0
0
0
0
0
0
0
0
0
0
0
0
0
0
30
9
10
69
0
0
0
0
0
0
0
0
0
0
0
0
0
0
0
0
0
0
34
10
9
57
0
0
0
0
0
0
0
0
0
0
0
0
0
0
0
125
47
43
17
9
9
42
0
0
0
0
0
0
0
0
0
0
0
0
500
91
25
14
11
10
9
8
8
11
15
16
36
0
0
0
0
0
0
0
500
91
16
11
9
8
8
8
8
8
8
8
8
8
10
41
0
0
0
0
0
500
50
14
8
8
8
8
8
8
8
8
10
10
11
10
13
50
0
0
0
0
0
166
15
8
8
8
8
8
8
8
8
10
38
80
91
69
166
0
0
0
0
0
0
181
15
8
8
8
8
8
8
8
9
18
221
0
0
0
0
0
0
0
0
0
0
221
16
8
8
8
8
8
8
10
17
71
0
0
0
0
0
0
0
0
0
0
0
199
16
9
8
8
9
10
16
54
500
500
0
0
0
0
0
0
0
0
0
0
0
0
74
23
17
17
28
51
332
0
0
0
0
0
0
0
0
0
0
0
0
0
0
0
0
0
0
0
0
0
0
0
0
0
0
0
0
0
0
0
0
0
0
0
0
0
0
0
0
0
0
0
0
0
0
0
0
0
0
0
0
0
0
0
0
0
0
0
0
0
0
0
0
0
0
0
0
0
0
0
0
0
0
0
0
0
0
0
0
0
0
0
0
0
0
0
0
0
0
0
0
0
0
0
0
0
0
0
0
0
0
0
0
0
0
0
0
0
0
0
0
0
0
0
0
0
0
0
0
0
